Tabla Q final:
[[0.17534244 0.10140487 0.10200516 0.1020312 ]
 [0.08460175 0.08801613 0.05960134 0.14326303]
 [0.08934685 0.13911778 0.08995049 0.09170743]
 [0.07563451 0.07759889 0.06981517 0.11582828]
 [0.21421507 0.10743926 0.1135552  0.11317494]
 [0.         0.         0.         0.        ]
 [0.15536587 0.04247633 0.04248991 0.03380057]
 [0.         0.         0.         0.        ]
 [0.14121217 0.13354684 0.14714315 0.25242869]
 [0.20310121 0.34603467 0.21042183 0.19363682]
 [0.36850626 0.17900388 0.16903    0.1273679 ]
 [0.         0.         0.         0.        ]
 [0.         0.         0.         0.        ]
 [0.29089846 0.27897417 0.48626565 0.2887379 ]
 [0.42418563 0.74800478 0.4205057  0.42385828]
 [0.         0.         0.         0.        ]]